0.5
0
37
114
0
17
0.30120481927710846
107
36
87
2070
9108
0.7272727272727273
1680
539
33
7426
2414
-1
67
79
2.7333333333333334
0.44642857142857145
21
4
1.625
8.285714285714286
0.40298507462686567
38
54
2160
-43
74
30
154
0.9176470588235294
25
7000
-51
1820
118
979
2.227272727272727
81
704
93
3.8
1272
0.5294117647058824
3
15
1
-38
59
-5
-18
-56
31
115
-48
0.7017543859649122
7
19
11
0.3409090909090909
31
2.111111111111111
30
28
108
114
720
4
-14
0.9166666666666666
0.5517241379310345
46
-34
-62
1769
18
87
24
47
0.16666666666666666
160
1.1111111111111112
38
1750
5796
66
94
-76
117
0.18556701030927836
0.9382716049382716
80
1273
5568
58
3036
57
2.1515151515151514
880
504
130
117
2
0.25
1440
6004
28
76
1
81
49
1936
0.15384615384615385
60
55
114
42
149
58
1
19
74
49
3724
4920
113
1.0103092783505154
108
6
81
-23
0.3229166666666667
16
0.967741935483871
22
184
53
1.2641509433962264
13
0
37
0.7808219178082192
0.8297872340425532
26
3157
-21
-8
32
-71
117
84
41
5460
38
23
24
48
82
30
1120
54
28
1
29
100
4895
782
864
2.8333333333333335
186
0.5125
76
1.8076923076923077
52
225
110
7
2
0.1978021978021978
0.4594594594594595
46
1455
2.588235294117647
0.6233766233766234
336
30
770
3.3703703703703702
1566
15.666666666666666
0.03896103896103896
0.95
37
78
0.9578947368421052
41
2.152173913043478
-54
109
50
1848
1.4166666666666667
44
75
-33
95
129
175
1.6206896551724137
19
8730
3.5625
952
113
-62
11
93
55
0.34285714285714286
67
1
0.9487179487179487
39
5796
0.5384615384615384
49
20
0.41379310344827586
103
66
1.5555555555555556
-1
165
5250
1.2151898734177216
3705
24
187
40
39
9801
140
0.45263157894736844
1.0888888888888888
33
2660
752
100
0.3950617283950617
2
77
111
5460
2.5555555555555554
34
0.8082191780821918
70
115
45
129
-31
0.09090909090909091
106
17
1716
0.175
980
44
2
0.3142857142857143
3723
6048
-56
-2
32
3
1550
-42
89
27
34
73
4200
10
127
0.18867924528301888
0.3333333333333333
80
25
60
2.3214285714285716
1.2307692307692308
9212
145
24
96
71
0.23157894736842105
-14
0.33962264150943394
111
15
-26
127
-27
97
3948
27
34
0.8909090909090909
-27
-17
79
53
126
18
9
1596
1750
1820
118
3081
0.042105263157894736
59
11.6
2912
-25
4
0.1282051282051282
672
-30
1674
2.59375
1
69
0.9285714285714286
7
53
201
4140
72
-46
1
99
58
5
1
13
55
4.363636363636363
4550
38
160
380
0
-17
4185
0.6046511627906976
61
1944
79
80
53
34
158
0.20689655172413793
18
24
25
0
62
24
24
136
179
1.08
2.6
-2
35
55
16
52
18
104
112
146
86
52
266
0
0.9047619047619048
0.5925925925925926
0.0625
-16
2.533333333333333
0.5094339622641509
4.041666666666667
0.95
17
2820
2.4871794871794872
28
92
6
108
-34
1350
0.9722222222222222
2109
3584
6
7.875
0.6037735849056604
0.2727272727272727
55

