58
32
1300
10
4779
17
18
30
21
69
-22
33
15
4.9
16.8
-22
70
0.8888888888888888
37
1950
16
1702
40
1072
61
-10
57
2584
97
23
-12
6
44
-64
0.9895833333333334
1.275
0
83
5
60
-14
-14
76
-2
72
64
13
-35
29
1.6666666666666667
97
100
127
1.540983606557377
14
2
27
76
1.7543859649122806
71
3290
2075
195
188
0.5205479452054794
0.8192771084337349
11
178
140
100
53
36
13
8
1242
43
3.6
5525
14
-36
60
167
-17
-8
1976
98
125
18
910
4539
149
4
792
12
950
20
0.4
-49
-26
54
0.42528735632183906
564
1296
69
-20
960
49
1.0246913580246915
26
24
5.785714285714286
26
77
910
1.346938775510204
-5
81
0.21052631578947367
0.5686274509803921
308
2322
2160
32
4316
0.48
2
3612
0.06060606060606061
21
18
164
5185
17
22
0.6923076923076923
23.666666666666668
46
137
-35
1.849056603773585
-54
380
2520
24
20
108
8
58
11
-29
67
5
1044
7209
3
95
0.19736842105263158
-83
-10
1566
14
50
0.17857142857142858
10
6
1472
31
3.5625
-58
40
58
15
-58
3822
2.05
242
35
3
2.27027027027027
7
6
3690
1012
74
18.666666666666668
61
4.1875
56
3496
300
6
14
17
12.333333333333334
2.7027027027027026
-20
0.5789473684210527
22
45
2.0277777777777777
14
-53
6
87
3.05
58
216
8
47
0.3229166666666667
1134
15
135
26
96
294
4608
13
1024
82
86
-43
42
1845
2
-31
252
-46
86
108
6642
1275
200
100
-36
82
8075
1394
3612
0.7368421052631579
931
-28
602
81
21
-30
29
167
0.7956989247311828
-2
98
18
-16
0.8333333333333334
1.1136363636363635
0.15853658536585366
1311
-56
119
5.5
-31
110
4410
173
74
71
84
4
18
65
0.12643678160919541
-9
0.96875
1140
9
748
1.03125
17
49
26
186
25
175
31
1
2190
38
4
83
0
90
181
27
2
1
39
9
2
-60
48
35
1
3212
784
-48
1.25
3808
-63
152
3
65
4
141
12
11
133
62
2
2.282051282051282
1430
121
11
0.5520833333333334
109
-81
60
33
936
-86
127
51
-53
49
30
-34
425
1224
9
270
138
51
29
15
5049
52
-42
65
20
56
45
6
101
5
61
-18
85
1
0.75
297
119
1.6666666666666667
58
-9
43
1
0.3218390804597701
15
2.78125
3663
36
131
-23
192
65
137
2.8
78
2924
17
77
-12
50
49
24
6240
-7
53
46
13
53
-28
49
234
-64
4144
1.5121951219512195
1280
2.4516129032258065
1240
902
2.9473684210526314
-18
20.25
0.20270270270270271
70
105
1.3571428571428572
35
1.849056603773585
42
43
0.21818181818181817
0.22
1.278688524590164
4.5
4
-7
11
-78
28

