4550
90
24
0.6309523809523809
8
100
4.3478260869565215
6396
5049
2.0588235294117645
2
1.5666666666666667
3.357142857142857
13
17
3380
-55
7000
13
9
3
56
7
42
135
1.4864864864864864
3783
3
0.620253164556962
-23
73
10
5225
1.5263157894736843
-47
34
-13
546
10
109
3564
90
176
2.5454545454545454
35
112
0.8372093023255814
11
4600
181
36
28
45
8
15
6
0.25
114
86
0.3855421686746988
480
1.7321428571428572
10
195
0.875
2.5128205128205128
462
8
350
304
2403
88
32
-5
1056
0.6712328767123288
3
-30
188
2
32
1
1287
36
32
5.2
4588
4015
20
136
149
4
84
8820
1617
95
86
66
15
1.140625
44
71
-18
8
15
-40
118
11
1.6545454545454545
1332
4914
0.2857142857142857
3388
14
95
27
126
1.9714285714285715
748
-12
945
5402
0.5135135135135135
47
0.43820224719101125
119
22
0.7428571428571429
-22
1.7826086956521738
0.96
6675
10
110
14
-41
18
59
1311
608
126
11
0.8571428571428571
2.735294117647059
0.7377049180327869
1440
19
89
2280
2.526315789473684
11
-33
-65
0
49
2346
32
65
-11
132
43
16
-64
160
1.9166666666666667
5.8
1320
62
21
915
103
10
93
10
75
1.3846153846153846
1287
147
0.12987012987012986
4
90
6
9
53
294
3.8076923076923075
177
55
1.25
1.6140350877192982
33
3
0.30158730158730157
33
578
3
3888
23
-17
16
3432
17
5
163
28
34
12
4554
78
76
14
0.782608695652174
0.64
0.7407407407407407
1023
15
1649
83
123
54
7.454545454545454
107
5022
20
60
20
1.077922077922078
3234
1220
105
2.6956521739130435
130
748
5
113
50
184
-27
92
83
0.43157894736842106
19
19
37
53
1425
116
107
0.2
855
20
0
14
0.7777777777777778
3116
53
3
-31
4
141
-58
160
5963
-10
0.7333333333333333
-28
0.8243243243243243
0.36046511627906974
98
70
5148
132
2
4698
36
5676
-2
45
66
-55
0.7575757575757576
6192
16
4.076923076923077
6
2112
810
-4
24
121
-81
64
4000
31
7560
42
154
3960
2944
78
8342
5184
27
820
-12
0.52
45
10
10
28
2726
2.0714285714285716
75
3.1333333333333333
72
4.571428571428571
-6
17
142
0.22972972972972974
199
9
4345
-3
3293
131
0
2.3870967741935485
-6
-33
8
147
35
68
4.722222222222222
8600
95
-12
864
23
0.3125
7
0.037037037037037035
29
0.7719298245614035
1452
6048
17
0.5930232558139535
4875
-55
-14
123
187
5.8
60
2
0.28846153846153844
6000
6
864
2.4285714285714284
11
94
-1
3
38
1886
-32
10
40
160
95
86
76
-32
1.5
16
73
1848
32
0.5257731958762887
74
25.666666666666668
1312
163
9
16
1595
91
32
2970
116
94
4
7290
-8
13.833333333333334
155
0.27906976744186046
-63
60
185
62
0.375
-85
1.058139534883721
0.3090909090909091
9
49
171
-61
1.2982456140350878
0.06315789473684211
0.46
64
96
128
21
26

