-24
35
4620
4
16
44
30
1116
5452
75
95
-35
0.5777777777777777
79
4
102
-23
3.05
172
2
0.6056338028169014
16
63
480
17.666666666666668
57
53
-39
0.43859649122807015
148
2080
7200
75
25
1125
150
20
150
1.1428571428571428
0
25
37
1.21875
163
13
0.3333333333333333
2
-57
4.466666666666667
-44
118
360
45
124
9.090909090909092
2225
6720
151
3589
-11
16
5.818181818181818
-2
44
78
8
71
-6
36
1
19
114
408
2.6315789473684212
1343
126
0.6195652173913043
1.288888888888889
1.5
4.411764705882353
41
4550
28
157
8
-25
30
28
57
204
0.96
1
-23
-62
-61
-28
158
6570
36
1.0684931506849316
140
-49
11
1568
7.7
10
66
1122
-36
91
1.6603773584905661
2146
70
19
2.772727272727273
83
11
74
2480
1.64
5044
77
4.333333333333333
5
58
166
31
5460
-13
105
2
0.4339622641509434
9
8554
384
0.01818181818181818
0.8507462686567164
59
25
39
112
0
139
33
1696
18
95
4500
108
11
77
189
140
-22
139
0.7758620689655172
16
0.8372093023255814
1218
36
5
0.7407407407407407
7
108
97
2112
0.36
0.41379310344827586
1.6923076923076923
2403
65
-23
31
2380
157
18
118
-23
-66
-10
39
30
131
10
136
55
10
1
121
6.25
51
1.1206896551724137
137
1.125
531
37
97
6693
-3
104
39
1.9166666666666667
47
0
2
13
105
344
1
39
0.7647058823529411
664
4340
0.6666666666666666
-34
77
140
0.5967741935483871
1340
101
67
6952
-11
1.7962962962962963
-25
41
32
12
119
19
4
7
17
34
24
108
-25
19
2904
23
-44
968
11
45
4662
158
0.03508771929824561
0.39622641509433965
-17
8.1
-83
-34
-4
1.511111111111111
-2
208
595
52
-1
54
0.8840579710144928
11.6
-49
3
-51
44
7
82
3
912
-48
0.10204081632653061
0.7567567567567568
0.3614457831325301
3276
0.6086956521739131
1001
1.4615384615384615
35
2
6624
31
2.1666666666666665
5785
0.09230769230769231
8.083333333333334
16
2272
40
39
550
25
1
2660
0.5111111111111111
-48
27
0.31521739130434784
1900
5985
54
0.3013698630136986
10
-22
23
6966
80
26
792
0.4
5.25
1.3333333333333333
396
176
1.2238805970149254
-68
20
5500
-40
-11
5782
78
1
41
0.5638297872340425
-73
1092
49
16
25
53
1
874
0.9318181818181818
1.323943661971831
0.5873015873015873
23
-25
1386
5.5
27
-27
2.466666666666667
-2
195
73
4536
3.6363636363636362
2.2972972972972974
2160
21
1026
552
101
2.1470588235294117
109
40
10
1200
69
146
172
80
1800
3.411764705882353
780
28
24
2.411764705882353
61
6.333333333333333
0.24
38
36
1.2413793103448276
408
0.46153846153846156
1
1
1140
5880
1
-10
-35
560
67
6290
1008
95
212
0.07407407407407407
4824
40
6552
9
1.4833333333333334
11.333333333333334
-59
10
69
41
4440
134
11.285714285714286
-32
0.02
744
11
68
23
54
-40
165
0.5671641791044776
5720
1.7272727272727273
-56
135
5
142

