133
7
192
153
48
3.6842105263157894
6
-7
260
-7
2
528
-15
11
72
5720
-11
34
1.0869565217391304
61
117
93
5
-27
25
5767
115
1.5084745762711864
12
0.7272727272727273
40
0.46774193548387094
-18
13.6
-56
4.894736842105263
34
0.9772727272727273
18
899
53
3
170
11
21
0
6
110
-37
1.1951219512195121
6534
1
152
92
0.8723404255319149
1628
48
17
270
140
0.6428571428571429
45
0.9459459459459459
-84
184
-11
1.1097560975609757
14
41
2.7
1.96
5
1296
0.9411764705882353
22
9
0.8372093023255814
62
16
158
8360
-8
26
77
9.333333333333334
8
1290
71
67
12
2.0714285714285716
-2
-14
27
20
8
1222
1
50
4964
183
36
2
195
5546
146
0.3695652173913043
2.357142857142857
0.9550561797752809
1.492063492063492
102
6142
-18
92
167
105
-22
374
80
114
-26
3900
276
120
-42
2
4.125
3.193548387096774
42
70
51
24
60
32
1428
42
4
45
142
-17
0.25316455696202533
1900
20
12
-30
5133
0
32
29
1.7647058823529411
1.103448275862069
46
141
79
1898
35
1.0533333333333332
1.434782608695652
109
152
165
150
49
126
0.484375
8740
22
120
98
3440
17
2820
68
85
2
682
0.8382352941176471
32
38
4368
0.7391304347826086
45
4087
5626
60
1608
5340
980
34
87
-6
110
-48
27
103
2880
-86
0.7846153846153846
155
2408
4.714285714285714
76
181
4508
63
13
110
1.263157894736842
3
33.5
522
146
7
1
67
9
134
29
602
19
112
142
3780
96
33
0.8809523809523809
52
0.3493975903614458
86
0.28205128205128205
16
1782
44
15
5760
30
14
36
105
47
127
-23
58
7
9
151
27
-64
80
98
12
16
30
3608
1.2166666666666666
1.0105263157894737
0.6767676767676768
13
3828
4512
84
176
71
16
2.7142857142857144
150
460
2670
84
32
39
45
1.0972222222222223
3904
567
117
9
1.5245901639344261
59
23
24
5
62
29
-28
92
88
1653
42
3.206896551724138
0.9263157894736842
-28
49
91
14
86
0.847457627118644
26
2584
0.5797101449275363
4165
74
0.898876404494382
2048
22
1.4516129032258065
3
23
0.96
0.09090909090909091
84
70
903
3
0.8695652173913043
-37
2450
2.857142857142857
-42
7252
4060
-14
3
0.6612903225806451
121
416
36
10
0.1111111111111111
3445
2928
-10
40
748
297
94
11
128
-17
0.1827956989247312
59
6174
52
221
-64
0.48333333333333334
2.28125
561
85
0.6666666666666666
3519
65
14
33
2
21
0
4
53
43
-75
170
42
50
15
2623
143
5
49
-36
12
2139
92
0.989010989010989
19.4
47
648
90
1.0615384615384615
-30
59
168
89
35
930
80
-40
1232
21
552
0.92
11
0.8271604938271605
25
480
8256
0
31
0.18556701030927836
13
39
0
4
3
0.725
0.6185567010309279
103
1450
0.44594594594594594
1520
130
15
301
50
-4
65
1.08
1.1875
59
39

