77
121
1817
6
62
0.023809523809523808
-74
0.9387755102040817
18
-76
1.1923076923076923
30
19
-33
0.4
39
89
140
1.0410958904109588
1.3833333333333333
39
30
39
2088
10
0.27906976744186046
90
4664
0.24
46
100
0.1506849315068493
38
67
5
69
173
54
122
158
19
34
-16
477
0.9894736842105263
-31
2244
17
142
7.166666666666667
11.5
78
0.7428571428571429
2.227272727272727
146
4
130
188
0.6161616161616161
15
29
2
0.4444444444444444
996
1632
2581
15
27
215
5950
128
-40
1264
9100
16
644
46
1720
96
-19
98
1312
5330
148
-46
3
675
20
2.3333333333333335
20
-23
0.5068493150684932
4100
82
75
1
-43
71
8
10
106
109
50
1075
2
135
58
4
1.1538461538461537
891
3922
2.7142857142857144
1200
73
0.9896907216494846
27
120
93
255
2200
-58
-11
76
24.666666666666668
22
-29
1711
3
23
19
1.0470588235294118
0.967741935483871
0.2638888888888889
50
-54
63
3318
1.7321428571428572
57
-32
-44
-73
24
3.45
0.85
0.30612244897959184
960
1536
10
12
3.4
-63
55
126
-75
0.2967032967032967
1.0681818181818181
143
122
41
0.27
48
2370
20
0.8181818181818182
5544
0.32926829268292684
2464
4558
73
2232
-14
3053
86
78
78
82
-24
775
13
2.7058823529411766
50
2.7222222222222223
0.23214285714285715
3021
1.3214285714285714
0.4626865671641791
94
149
52
57
0.4523809523809524
-45
85
160
-45
4
0.08571428571428572
-7
172
50
50
940
90
31
178
1.205128205128205
825
1.2093023255813953
15
21
4080
1
-32
3
19
910
1.95
115
73
4895
113
159
156
2.8461538461538463
162
5940
53
34
2
1.139240506329114
-67
-8
21
4
183
84
74
56
152
-41
0.4473684210526316
-51
61
115
34
0.6444444444444445
3.9375
20
51
540
-59
1530
8
5
1746
5060
116
-1
2590
0
-29
16
1.1481481481481481
0.15873015873015872
24
406
100
60
110
16
6664
27
114
73
-50
84
-21
43
91
-10
1.962962962962963
2.2222222222222223
62
23
0.5333333333333333
-11
2
279
9
-56
108
10
-71
0.5714285714285714
38
82
164
-43
2688
0.9782608695652174
6160
1100
4032
28
5580
3772
79
82
3.6923076923076925
64
3
-39
2.1538461538461537
2597
-52
-19
37
17
83
1.875
79
13
76
-19
312
288
4554
148
-19
1749
53
1550
3.1363636363636362
2178
2
3
650
156
84
1666
16
1.0425531914893618
5.875
40
7
81
5292
4623
101
66
128
34
-71
2744
0
0.25806451612903225
42
9400
87
609
58
3612
85
102
352
59
-66
1358
30
149
28
0
-42
0.07291666666666667
120
1170
154
2940
-1
2
40
-72
4020
74
13
58
17
9
90
15.333333333333334
9
282
59
84
20
0.4673913043478261
7110
162
2.9130434782608696
81
3.260869565217391
0.7974683544303798
1748
32
4.95
63
82
780
87
2862
133
1188
13
75
1148
-8
2
4941
28

