24
92
12
-64
2176
148
-59
63
38
0.673469387755102
1027
5624
7
1980
150
1.5185185185185186
37
113
-84
3.85
885
29
118
0.36363636363636365
167
68
3
7
1742
48
47
47
16
9
10
0.7849462365591398
11
103
1909
62
10
9009
1728
183
0
0.6067415730337079
27
2
3
14
-54
0.35714285714285715
-28
34
1780
1.1142857142857143
88
5
-6
1.0142857142857142
69
93
89
0.5555555555555556
2
0.8412698412698413
24
-25
49
11
-6
0.8148148148148148
1
38
240
125
-24
-20
1875
2352
87
0.20652173913043478
1.0754716981132075
86
101
74
4.9411764705882355
3510
5
1.3015873015873016
112
10.25
1.9333333333333333
0.95
0
594
6468
110
16
6
10
37
8
2597
0.12698412698412698
0.4318181818181818
42
7476
103
42
-61
1.236842105263158
13
2205
1.2318840579710144
5978
76
0.42168674698795183
164
7387
54
0.9047619047619048
4464
61
300
6532
1.3484848484848484
28
5445
26
138
68
-54
19
960
8
1
163
2.6666666666666665
31
208
0.35294117647058826
1722
0.95
20
-86
20
64
28
18
0.7058823529411765
-47
-39
3420
61
184
68
119
-25
697
36
115
4700
31
5
0.025974025974025976
-23
21
3950
41
5
1
-61
-38
5.3
4320
0.581081081081081
2496
2
30
154
2322
96
15
44
-7
0.046511627906976744
2.022727272727273
2.6206896551724137
2
16
8
46
157
0.71875
84
14
48
75
133
132
3068
133
4332
0.013157894736842105
24
0.23684210526315788
1
0.6363636363636364
178
4410
29
756
58
-43
8
4130
6370
561
37
2.806451612903226
1269
92
-7
88
59
30
1
0.7692307692307693
72
1586
30
2625
10
96
68
-45
23
76
1067
560
-11
6
1
0
209
40
6887
26
-50
1.2307692307692308
4950
50
74
4
28
8
0.3717948717948718
174
45
23
1036
2002
-21
-45
15
125
400
82
23
0.9803921568627451
15
1924
0
-24
190
-39
1116
518
69
0.7446808510638298
96
125
0.75
-22
-16
3956
35
13
37
166
122
172
80
21
5
-66
4455
0.5476190476190477
2
2499
448
0.034482758620689655
86
0.04918032786885246
2772
0.06060606060606061
9
-39
931
1.7037037037037037
1.3793103448275863
129
51
-64
110
5005
676
1.7894736842105263
702
11
1176
-5
2
0.8
4335
22
4221
1.9795918367346939
102
116
1419
3.0454545454545454
1.653061224489796
111
173
7.6923076923076925
61
5440
11
13
90
-2
3969
1120
2223
50
4770
4
608
12
156
1450
-6
-88
163
0.7708333333333334
0.7123287671232876
0
21
106
8.333333333333334
153
29
0.78125
2.3333333333333335
0.9797979797979798
-31
1.4166666666666667
5
174
97
30
15
2772
7719
63
-72
88
20
4608
-34
128
-8
9
96
47
368
22
1785
2236
28
-70
0
2.0526315789473686
-12
1.5636363636363637
51
0.13793103448275862
0.5348837209302325
50
0
903
4462
23
0.7142857142857143
2.4
7
94
-24
19
0
4324
22
208
20
111
57
44
25

