0.9591836734693877
83
74
-92
164
115
1540
1782
105
5742
128
177
7
1.4705882352941178
17
24
6497
84
85
19
85
0.21568627450980393
3.5833333333333335
-9
17
2
5
2058
14
47
0.4418604651162791
48
2900
-62
56
66
0.8928571428571429
30
2
2.9615384615384617
46
1
-77
50
-82
13
150
1
31
87
29
62
1
5.176470588235294
-21
117
88
0.13333333333333333
41
38
29
7695
0.046153846153846156
8.75
27
1484
-48
91
1.411764705882353
0
5600
2537
1.5263157894736843
164
156
148
-27
-42
2.35
69
75
899
96
-56
24
0.375
9120
0.82
-41
177
0.358974358974359
50
138
91
70
1.8387096774193548
38
94
2665
144
2.5
0.4329896907216495
2898
-53
0.6271186440677966
3567
-32
25
-27
5100
23
191
152
1938
57
4
116
-81
40
1008
68
27
144
-17
1938
-7
140
2.2439024390243905
750
4620
0.9
194
-21
-18
146
770
87
22
6512
4.5
132
51
0.7674418604651163
63
107
0.7083333333333334
3780
6
129
3.1333333333333333
246
0.7027027027027027
1.6111111111111112
13
0.2777777777777778
134
16
2
2120
1701
0.6595744680851063
3
0.543859649122807
4
1.4827586206896552
20
101
0.14516129032258066
2520
1.1964285714285714
4.55
-4
15
143
3.4615384615384617
4.166666666666667
-32
1140
1944
35
113
374
8
5.0588235294117645
-80
0.425
123
15
166
0.6153846153846154
111
77
0.39759036144578314
4899
62
6
6.285714285714286
182
31
351
3.129032258064516
14
89
7790
-44
2210
-51
125
57
124
17
35
68
16
-72
1.4179104477611941
1.6538461538461537
16
684
1.32
5
56
846
1134
25
1408
1
3977
17
-33
0
-21
2408
4
1.4146341463414633
-52
0.76
7
2.3
-36
6039
0
2.696969696969697
146
28
10
0
4.6
0.8089887640449438
-14
12
15
-65
581
34
50
-18
4
6384
0
23
15
1
93
6450
0.125
115
3150
1
936
99
127
111
127
92
0.08695652173913043
22
923
76
1085
0.84
3.5
0.02
24
3
37
2310
0.7341772151898734
-10
56
0
85
0.010638297872340425
82
3782
6.615384615384615
2774
-17
70
250
0.9473684210526315
2.2142857142857144
7
14
1161
4845
3618
44
0.3783783783783784
760
11
0.7875
43
92
-24
-19
-14
1764
14
5.0625
1749
1
7954
1.435897435897436
64
826
0.11627906976744186
13
130
3
17
58
520
1.4210526315789473
9
-26
95
26
82
0.23529411764705882
-6
152
0.8539325842696629
173
1.5277777777777777
9
28
0.2345679012345679
1.1538461538461537
25
1.5833333333333333
5.666666666666667
2
36
-10
3550
22
18
35
52
21
1197
-85
0
2688
15.5
855
15
1862
7440
3
-38
22
3572
51
0.8064516129032258
13
79
26
0.8969072164948454
1.0309278350515463
176
22
46
26
2925
-1
8.3
13
104
2700
118
3318
1190
133
731
15
34
28
109
1
2706
1.4090909090909092
1350
-62
46
-11
0.09803921568627451
58
4929
4758
539
70
12
0.26595744680851063
1240
138
-69
1.03125
2.6785714285714284

