141
2750
0
16
325
1
-36
-16
40
832
1
388
168
-81
0.17142857142857143
149
23
59
1
45
0.7333333333333333
-1
43
99
6
56
160
0.9838709677419355
3
40
100
0.95
516
134
47
5
7
51
5
25
2520
0.20238095238095238
-33
0.04878048780487805
44
292
16
22
24
5
1.5
143
216
-2
2738
0.7222222222222222
74
42
0.8
51
32
-52
-20
18
-22
-7
159
2
14
0.8846153846153846
85
2
13
29
-32
3.5384615384615383
3.3333333333333335
0.042105263157894736
12
16
1.6666666666666667
1.0188679245283019
99
0.5227272727272727
49
420
1.0579710144927537
0.7142857142857143
15
2379
3250
15
22
94
32
11.5
1274
3159
-46
6
4248
1340
13
1.25
23
6
1829
62
85
140
1792
6889
57
1.1333333333333333
6408
78
10
360
3658
33
37
1350
16
41
162
112
15
4608
0
3192
784
110
25
24
164
1800
0.5882352941176471
12
1.8611111111111112
44
1.3541666666666667
74
1
123
1344
5.75
2
4
-3
3648
3078
0.8222222222222222
19
-21
0
-33
11.8
1344
5
0
9
3400
4307
11
61
2
13
69
2.05
-12
47
6664
41
124
21
24.75
-15
0.9789473684210527
143
1.375
1
-5
137
12
142
47
72
2170
104
126
0.2808988764044944
165
0
4.9375
44
113
0.8636363636363636
93
26
102
79
0.5959595959595959
54
-55
1.1818181818181819
23
6138
11
24
9021
3840
980
2.375
22
1015
54
0.19318181818181818
2
55
0.7790697674418605
4745
31
4
4
0.94
53
3
2.3333333333333335
7
134
4988
1.0666666666666667
-84
70
28
40
119
103
648
1.4150943396226414
34
53
112
1624
4
25.333333333333332
160
0.75
-12
-53
16
5
30
10
4970
148
3854
19
37
8
5
-9
152
155
-20
16
23
140
100
1.1647058823529413
29
-21
121
21
54
156
0.5189873417721519
0.2857142857142857
39
151
4720
-16
910
0.425
1392
31
8
0.3088235294117647
98
-6
-46
0.6867469879518072
2
3666
2997
4704
4216
378
3.4375
1
6
-9
84
20
139
127
-11
144
1920
-1
11
360
6
1.196969696969697
15.666666666666666
-42
2844
-15
0.4943820224719101
3.125
2.8333333333333335
-34
40
495
-57
5782
0.8571428571428571
365
-65
10
31
9
12
5.583333333333333
0.9489795918367347
20
0.04597701149425287
2
550
4
8
109
-55
31
-43
1378
49
13.571428571428571
230
39
0.6739130434782609
22
1.575
4988
30
77
69
-49
1.6363636363636365
79
22
2262
1305
-4
3
11
77
106
65
16
29
0.64
0
7
62
61
1.0133333333333334
120
1
14
5820
131
126
-56
87
-11
9.5
135
15
6399
5856
0.5352112676056338
0
0.6530612244897959
2
140
5913
30
30
0.4731182795698925
96
3.4583333333333335
42
12
-20
53
177
-25
91
2200
138
1
2660
6
50
15.833333333333334
3080
0.8292682926829268
6956
0.6022727272727273

