18
91
37
1.565217391304348
-80
0.9032258064516129
105
21
23
7
14
1.4262295081967213
28
-39
-48
87
74
9
1480
0.3018867924528302
51
174
130
6557
-1
35
93
3520
4
79
33
2.533333333333333
816
4472
94
43
41
4.555555555555555
68
1
125
67
5063
4
4941
3180
171
10
15
49
1
111
0.7065217391304348
135
3540
80
78
1.2972972972972974
1.7
29
-15
23
62
110
3.12
72
50
30
-49
2
49
61
79
55
43
88
0.5802469135802469
6290
-6
-27
191
24
75
167
30
72
6.666666666666667
4
0.5842696629213483
14
-12
10
-31
70
129
2.1538461538461537
42
5133
65
730
-2
0.05263157894736842
1
714
153
12
32
3
0.6923076923076923
1.4705882352941178
14
1.5
107
104
125
96
3861
53
1.4482758620689655
-3
1
31
8
3
0.358974358974359
28
4.222222222222222
0.4857142857142857
-15
616
19
0.4
18
70
6
61
94
81
20
5041
3
-8
0.6818181818181818
360
-40
138
3.3333333333333335
4256
1.1395348837209303
68
40
0.06349206349206349
30
2236
0.11666666666666667
-3
0
3640
-25
82
14
4788
121
3.2
13
341
1
151
25
1.24
-21
0
5.461538461538462
118
-44
0.21794871794871795
74
1.4210526315789473
-28
0.4
5.6
6650
4
0
47
34
1800
1452
71
62
11
58
12
79
-52
154
2.189189189189189
4
1560
212
15
2.175
380
2193
6020
11
-5
6270
-8
15
167
10
56
39
10
-55
144
0.6206896551724138
23
27
2646
85
135
0.25806451612903225
179
178
0.13636363636363635
30
12
1715
35
0.0945945945945946
26
3136
0.423728813559322
1.0315789473684212
0.16666666666666666
30
135
1488
3102
5
54
155
1.1333333333333333
10
0.5
151
8
0.14666666666666667
163
-44
9
44
0.6551724137931034
118
-6
169
95
280
814
6
10
176
246
0.43859649122807015
1045
2
-15
1.1111111111111112
2627
2146
0
-71
1
4100
117
9
0
1358
1260
30
44
4725
135
0.7727272727272727
402
156
0.21428571428571427
1368
0.3076923076923077
55
1674
0.9090909090909091
53
25
111
2268
4
16
-75
96
56
2666
136
-8
-45
121
59
112
82
93
95
684
122
75
-8
3750
2891
3.4285714285714284
26
1.010204081632653
48
0.9595959595959596
115
-15
1551
95
22
-32
119
-77
1.0869565217391304
4
2001
3
34
18
13
6
-33
66
51
1254
41
79
116
21
0.2
374
34
100
219
110
55
880
151
-3
14
1848
50
0.7142857142857143
7
756
12
10
60
2.782608695652174
0.075
68
23
4
6478
1.4857142857142858
10
1.7027027027027026
-25
1848
0
174
1
8
132
640
54
5680
2597
9
2.2580645161290325
3483
0.6911764705882353
62
1333
96
435
1026
2370
31
-37
27
51
-36
40
62
-43
26
3
0.273972602739726
0
2886
26
56
-15
64
16
0.21739130434782608
0.6792452830188679
-23
45
undefined
1
