24
4550
90
0.6309523809523809
8
100
4.3478260869565215
5049
6396
2.0588235294117645
2
1.5666666666666667
3.357142857142857
13
17
3380
-55
7000
13
9
3
56
7
42
135
1.4864864864864864
3783
0.620253164556962
3
-23
73
10
5225
-47
1.5263157894736843
34
546
-13
10
109
3564
90
176
35
2.5454545454545454
112
11
0.8372093023255814
4600
181
36
45
28
8
15
6
0.25
114
86
0.3855421686746988
1.7321428571428572
480
10
0.875
195
2.5128205128205128
462
8
350
2403
88
304
1056
32
-5
0.6712328767123288
-30
188
3
2
32
1
1287
36
5.2
32
4588
4015
20
136
149
4
84
8820
1617
95
86
66
15
1.140625
71
44
-18
8
15
-40
118
11
1.6545454545454545
1332
3388
14
0.2857142857142857
95
27
126
1.9714285714285715
748
-12
0.5135135135135135
945
5402
47
119
0.43820224719101125
22
0.7428571428571429
-22
0.96
1.7826086956521738
10
6675
14
110
-41
18
59
608
1311
11
126
0.8571428571428571
2.735294117647059
0.7377049180327869
19
1440
2280
2.526315789473684
11
-33
-65
89
49
0
2346
32
65
-11
132
43
16
-64
160
5.8
1.9166666666666667
62
1320
21
915
10
103
10
93
1.3846153846153846
1287
147
75
4
0.12987012987012986
90
6
53
294
9
3.8076923076923075
177
55
1.6140350877192982
1.25
3
33
0.30158730158730157
33
578
3
3888
23
16
-17
17
5
3432
163
12
34
28
4554
78
14
76
0.782608695652174
0.64
0.7407407407407407
15
1023
1649
83
54
123
7.454545454545454
20
5022
107
60
1.077922077922078
20
1220
3234
2.6956521739130435
105
130
748
5
50
113
-27
184
92
83
19
0.43157894736842106
19
37
53
1425
116
0.2
107
20
855
0
14
0.7777777777777778
53
3116
-31
3
4
141
160
-58
5963
-28
0.7333333333333333
-10
0.8243243243243243
70
0.36046511627906974
98
5148
132
2
4698
5676
36
45
-2
-55
66
0.7575757575757576
6192
16
6
4.076923076923077
810
2112
-4
24
121
64
-81
4000
31
7560
154
42
2944
3960
78
8342
5184
820
27
0.52
-12
45
10
10
28
2726
2.0714285714285716
3.1333333333333333
75
4.571428571428571
72
-6
17
0.22972972972972974
199
142
4345
-3
9
3293
2.3870967741935485
131
0
-6
147
-33
35
8
68
4.722222222222222
95
8600
864
-12
23
0.3125
0.037037037037037035
7
29
0.7719298245614035
17
0.5930232558139535
6048
1452
4875
123
-55
-14
187
60
5.8
2
6
0.28846153846153844
6000
864
2.4285714285714284
94
11
3
-1
38
1886
-32
40
10
160
95
86
-32
76
1.5
16
73
1848
32
25.666666666666668
0.5257731958762887
74
1312
163
16
9
91
32
1595
116
2970
94
4
-8
7290
13.833333333333334
155
0.27906976744186046
-63
185
0.375
60
62
-85
1.058139534883721
9
0.3090909090909091
171
49
-61
1.2982456140350878
0.06315789473684211
0.46
64
128
96
26
21
undefined
4914
